16 0.529948 0.330093 0.015104 0.021296
16 0.551042 0.350463 0.014583 0.025000
16 0.546094 0.373148 0.015104 0.024074
16 0.579948 0.431019 0.014063 0.021296
16 0.589063 0.469907 0.015625 0.023148
16 0.657031 0.393519 0.013021 0.024074
16 0.540365 0.456944 0.013021 0.025000
16 0.552344 0.487500 0.011979 0.025000
16 0.561458 0.501852 0.011458 0.024074
16 0.594792 0.531019 0.012500 0.025000
16 0.608854 0.546296 0.012500 0.029630
16 0.624479 0.570370 0.015625 0.020370
16 0.624219 0.594444 0.011979 0.025926
16 0.641146 0.603241 0.012500 0.019444
16 0.665104 0.508796 0.015625 0.023148
16 0.687500 0.518056 0.015625 0.023148
16 0.688542 0.540741 0.011458 0.022222
16 0.679948 0.557870 0.016146 0.028704
16 0.695573 0.575463 0.015104 0.019444
16 0.686979 0.611574 0.013542 0.028704
16 0.670312 0.630093 0.012500 0.026852
16 0.695833 0.633333 0.016667 0.022222
16 0.728646 0.603704 0.012500 0.022222
16 0.725521 0.625926 0.012500 0.020370
16 0.715365 0.587963 0.014063 0.022222
16 0.724219 0.492130 0.013021 0.023148
16 0.709115 0.481481 0.015104 0.022222
16 0.689063 0.449537 0.016667 0.023148
16 0.677083 0.457407 0.014583 0.024074
16 0.698958 0.412500 0.013542 0.030556
16 0.683854 0.418981 0.015625 0.025000
16 0.672396 0.439352 0.011458 0.019444
16 0.738021 0.448148 0.017708 0.020370
16 0.723958 0.548611 0.014583 0.026852
16 0.792969 0.640741 0.010937 0.018519
16 0.793229 0.662037 0.011458 0.022222
16 0.771094 0.682407 0.010937 0.020370
16 0.648177 0.748148 0.013021 0.029630
16 0.666667 0.755093 0.013542 0.021296
16 0.663281 0.788889 0.010937 0.022222
16 0.722656 0.758796 0.011979 0.025000
16 0.706510 0.822222 0.013021 0.025926
16 0.704167 0.871759 0.013542 0.021296
16 0.711979 0.903241 0.013542 0.026852
16 0.684375 0.892130 0.014583 0.026852
16 0.688542 0.942593 0.014583 0.025926
16 0.710156 0.931481 0.011979 0.029630
16 0.670833 0.943519 0.012500 0.025926
16 0.679167 0.970370 0.014583 0.022222
16 0.620833 0.976389 0.015625 0.023148
16 0.663542 0.557407 0.012500 0.020370
16 0.671094 0.581481 0.013021 0.024074
16 0.683854 0.583333 0.009375 0.018519
16 0.699740 0.593981 0.014063 0.023148
16 0.705208 0.610648 0.012500 0.019444
16 0.638542 0.530093 0.011458 0.023148
16 0.556771 0.631481 0.013542 0.022222
16 0.625000 0.687037 0.015625 0.018519
16 0.541927 0.623148 0.013021 0.025926
16 0.543229 0.681019 0.014583 0.026852
16 0.520573 0.685185 0.011979 0.024074
16 0.498958 0.633796 0.009375 0.017593
16 0.489583 0.562500 0.014583 0.026852
16 0.502865 0.523148 0.014063 0.025926
16 0.485156 0.528704 0.011979 0.027778
16 0.474219 0.571759 0.013021 0.030556
16 0.467187 0.499537 0.013542 0.034259
16 0.478906 0.679630 0.010937 0.024074
16 0.537760 0.723611 0.017188 0.025000
16 0.527344 0.740278 0.013021 0.028704
16 0.478906 0.716667 0.016146 0.025926
16 0.515625 0.784722 0.015625 0.021296
16 0.550781 0.814815 0.013021 0.025926
16 0.613802 0.887500 0.010937 0.021296
16 0.609635 0.908796 0.011979 0.019444
16 0.554688 0.890278 0.014583 0.023148
16 0.560937 0.912500 0.012500 0.025000
16 0.572656 0.929630 0.013021 0.025926
16 0.507292 0.943056 0.012500 0.026852
16 0.476302 0.887963 0.015104 0.024074
16 0.500260 0.806481 0.011979 0.022222
16 0.477865 0.802315 0.011979 0.019444
16 0.468750 0.762037 0.012500 0.022222
16 0.629948 0.809259 0.011979 0.018519
16 0.381510 0.797222 0.014063 0.022222
16 0.385417 0.827778 0.013542 0.025926
16 0.424479 0.796759 0.011458 0.026852
16 0.432812 0.808796 0.012500 0.023148
16 0.412500 0.853241 0.015625 0.025000
16 0.418490 0.837500 0.011979 0.019444
16 0.424740 0.825463 0.010937 0.019444
16 0.319531 0.718056 0.011979 0.023148
16 0.317188 0.742130 0.014583 0.023148
16 0.321875 0.766667 0.012500 0.020370
16 0.322656 0.786111 0.009896 0.018519
16 0.353125 0.835185 0.011458 0.022222
16 0.350781 0.905556 0.014063 0.025926
16 0.361719 0.949074 0.017188 0.031481
16 0.429167 0.940741 0.013542 0.027778
16 0.344010 0.943981 0.013021 0.026852
16 0.450781 0.910648 0.013021 0.028704
16 0.444010 0.966204 0.013021 0.021296
16 0.457292 0.988889 0.013542 0.022222
16 0.427865 0.884722 0.013021 0.025000
16 0.461979 0.456019 0.012500 0.028704
16 0.471875 0.425463 0.016667 0.025000
16 0.456771 0.421759 0.011458 0.023148
16 0.450781 0.400000 0.015104 0.020370
16 0.457813 0.342130 0.014583 0.023148
16 0.504687 0.338426 0.015625 0.023148
16 0.440104 0.385648 0.012500 0.030556
16 0.448958 0.484722 0.014583 0.026852
16 0.414323 0.494907 0.011979 0.023148
16 0.390885 0.476389 0.017188 0.021296
16 0.381510 0.399074 0.015104 0.025926
16 0.379688 0.431481 0.014583 0.025926
16 0.376563 0.481944 0.011458 0.023148
16 0.425260 0.411574 0.009896 0.019444
16 0.405469 0.431944 0.014063 0.019444
16 0.572135 0.534259 0.014063 0.018519
16 0.431510 0.307870 0.015104 0.034259
16 0.403385 0.400463 0.010937 0.023148
16 0.379167 0.293981 0.012500 0.023148
16 0.294010 0.448611 0.015104 0.023148
16 0.334115 0.390278 0.017188 0.034259
16 0.356510 0.443981 0.013021 0.026852
16 0.335156 0.436574 0.013021 0.017593
16 0.343229 0.426389 0.009375 0.017593
16 0.318750 0.484259 0.013542 0.024074
16 0.334375 0.483796 0.014583 0.023148
16 0.333073 0.506019 0.016146 0.021296
16 0.333073 0.457870 0.008854 0.021296
16 0.291667 0.395370 0.010417 0.025926
16 0.378906 0.238889 0.016146 0.022222
16 0.354948 0.271296 0.013021 0.024074
16 0.290885 0.326852 0.013021 0.029630
16 0.292187 0.285648 0.016667 0.028704
16 0.354687 0.213889 0.014583 0.022222
16 0.385677 0.206944 0.014063 0.036111
16 0.432812 0.177778 0.013542 0.025926
16 0.336979 0.261111 0.014583 0.024074
16 0.329688 0.283796 0.015625 0.021296
16 0.336198 0.300926 0.015104 0.020370
16 0.314844 0.271759 0.018229 0.030556
16 0.359896 0.164815 0.013542 0.024074
16 0.427604 0.380093 0.011458 0.034259
16 0.418229 0.391667 0.013542 0.024074
16 0.396615 0.457407 0.013021 0.020370
16 0.294792 0.551389 0.012500 0.026852
16 0.305990 0.582407 0.014063 0.025926
16 0.316406 0.617130 0.013021 0.028704
16 0.320052 0.639815 0.011979 0.024074
16 0.337240 0.639352 0.014063 0.023148
16 0.349740 0.658796 0.014063 0.026852
16 0.399740 0.555093 0.008854 0.017593
16 0.276302 0.655093 0.016146 0.023148
16 0.293490 0.660648 0.014063 0.025000
16 0.285677 0.606481 0.014063 0.031481
16 0.258594 0.726852 0.010937 0.024074
16 0.253385 0.555556 0.016146 0.029630
16 0.222396 0.549537 0.013542 0.023148
16 0.231510 0.361111 0.011979 0.022222
16 0.224219 0.378241 0.015104 0.028704
16 0.206510 0.429167 0.013021 0.026852
16 0.221354 0.479630 0.015625 0.024074
16 0.160156 0.328241 0.015104 0.028704
16 0.245312 0.753704 0.015625 0.029630
16 0.248438 0.796759 0.012500 0.021296
16 0.285417 0.839352 0.012500 0.023148
16 0.325781 0.854630 0.014063 0.031481
16 0.320833 0.826852 0.013542 0.018519
16 0.231771 0.858333 0.013542 0.025926
16 0.222135 0.897685 0.014063 0.030556
16 0.202344 0.933333 0.014063 0.033333
16 0.198698 0.860185 0.016146 0.024074
16 0.153906 0.779630 0.016146 0.024074
16 0.163021 0.878241 0.013542 0.036111
16 0.177865 0.900000 0.014063 0.024074
16 0.250781 0.929630 0.013021 0.025926
16 0.200521 0.983333 0.016667 0.024074
16 0.156771 0.627315 0.014583 0.028704
16 0.198958 0.601389 0.016667 0.025000
16 0.086979 0.578241 0.014583 0.026852
16 0.094010 0.647685 0.013021 0.030556
16 0.143229 0.687963 0.017708 0.024074
16 0.137760 0.706944 0.017188 0.023148
16 0.099219 0.775000 0.015104 0.024074
16 0.126562 0.775926 0.015625 0.029630
16 0.195312 0.768519 0.016667 0.024074
16 0.673438 0.359259 0.013542 0.022222
16 0.741667 0.318056 0.014583 0.023148
16 0.749479 0.298611 0.014583 0.021296
16 0.778906 0.275926 0.011979 0.024074
16 0.702604 0.259259 0.013542 0.022222
16 0.650260 0.315741 0.013021 0.025926
16 0.592969 0.314815 0.011979 0.029630
16 0.682292 0.689815 0.012500 0.020370
16 0.711719 0.765278 0.011979 0.025000
16 0.738281 0.823148 0.013021 0.022222
16 0.753125 0.911111 0.012500 0.029630
16 0.806510 0.524074 0.014063 0.024074
16 0.821875 0.545833 0.012500 0.030556
16 0.811719 0.587500 0.014063 0.019444
16 0.806250 0.489815 0.013542 0.024074
16 0.789844 0.866667 0.015104 0.025926
16 0.773958 0.872685 0.014583 0.025000
16 0.826302 0.723611 0.016146 0.025000
16 0.811979 0.798148 0.015625 0.022222
16 0.793750 0.943981 0.013542 0.025000
16 0.866146 0.689352 0.016667 0.028704
16 0.895833 0.806944 0.012500 0.025000
16 0.903385 0.827778 0.017188 0.025926
16 0.898438 0.864352 0.011458 0.030556
16 0.867708 0.884722 0.012500 0.025000
16 0.845833 0.861111 0.013542 0.024074
16 0.877083 0.790278 0.012500 0.028704
16 0.895833 0.777778 0.021875 0.024074
16 0.913281 0.774537 0.014063 0.025000
16 0.929427 0.783796 0.013021 0.021296
16 0.942187 0.787963 0.013542 0.024074
16 0.890625 0.741667 0.011458 0.022222
16 0.792188 0.987037 0.012500 0.025926
16 0.460677 0.668519 0.013021 0.022222
16 0.572917 0.202778 0.013542 0.025926
16 0.584635 0.199537 0.011979 0.019444
16 0.536198 0.189352 0.015104 0.019444
16 0.535937 0.211574 0.014583 0.021296
16 0.545573 0.123148 0.015104 0.027778
16 0.576562 0.115741 0.015625 0.027778
16 0.446094 0.130093 0.014063 0.021296
16 0.418229 0.144907 0.016667 0.030556
16 0.397396 0.168981 0.011458 0.028704
16 0.307031 0.048611 0.016146 0.026852
16 0.481510 0.085185 0.014063 0.025926
16 0.587240 0.069907 0.011979 0.028704
16 0.453125 0.290278 0.012500 0.032407
16 0.659375 0.220370 0.014583 0.035185
16 0.643750 0.218056 0.014583 0.025000
16 0.692969 0.211111 0.018229 0.027778
16 0.729427 0.203241 0.016146 0.028704
16 0.722917 0.240741 0.015625 0.022222
16 0.640885 0.143056 0.013021 0.028704
16 0.659896 0.150926 0.015625 0.022222
16 0.647656 0.185648 0.010937 0.021296
16 0.458854 0.120833 0.013542 0.025000
16 0.528646 0.350463 0.017708 0.028704
16 0.818750 0.309259 0.014583 0.024074
16 0.814844 0.420370 0.014063 0.027778
16 0.874219 0.482407 0.013021 0.024074
16 0.834115 0.345370 0.017188 0.025926
16 0.860417 0.343519 0.012500 0.031481
16 0.891406 0.397222 0.016146 0.027778
16 0.899479 0.423611 0.012500 0.019444
16 0.901823 0.466204 0.011979 0.025000
16 0.862240 0.422222 0.014063 0.020370
16 0.857812 0.483333 0.012500 0.033333
16 0.921354 0.472685 0.014583 0.025000
16 0.958854 0.448148 0.013542 0.029630
16 0.879167 0.350000 0.015625 0.025926
16 0.835677 0.379167 0.016146 0.023148
16 0.830469 0.603241 0.010937 0.025000
